2.000000000000000000e+00
3.000000000000000000e+00
7.000000000000000000e+00
1.100000000000000000e+01
3.200000000000000000e+01
3.500000000000000000e+01
6.700000000000000000e+01
8.100000000000000000e+01
1.010000000000000000e+02
1.090000000000000000e+02
1.260000000000000000e+02
1.280000000000000000e+02
1.290000000000000000e+02
1.340000000000000000e+02
1.510000000000000000e+02
1.540000000000000000e+02
1.810000000000000000e+02
1.860000000000000000e+02
1.920000000000000000e+02
1.950000000000000000e+02
2.010000000000000000e+02
2.020000000000000000e+02
2.030000000000000000e+02
2.040000000000000000e+02
2.060000000000000000e+02
2.140000000000000000e+02
2.390000000000000000e+02
2.470000000000000000e+02
2.640000000000000000e+02
2.660000000000000000e+02
2.750000000000000000e+02
2.810000000000000000e+02
2.820000000000000000e+02
2.840000000000000000e+02
2.880000000000000000e+02
2.910000000000000000e+02
2.970000000000000000e+02
3.190000000000000000e+02
3.230000000000000000e+02
3.240000000000000000e+02
3.440000000000000000e+02
3.730000000000000000e+02
3.750000000000000000e+02
3.800000000000000000e+02
3.820000000000000000e+02
3.830000000000000000e+02
3.850000000000000000e+02
3.870000000000000000e+02
4.010000000000000000e+02
4.200000000000000000e+02
4.240000000000000000e+02
4.250000000000000000e+02
4.350000000000000000e+02
4.510000000000000000e+02
4.570000000000000000e+02
4.590000000000000000e+02
4.910000000000000000e+02
5.130000000000000000e+02
5.280000000000000000e+02
5.360000000000000000e+02
5.390000000000000000e+02
5.440000000000000000e+02
5.480000000000000000e+02
5.680000000000000000e+02
5.790000000000000000e+02
6.000000000000000000e+02
6.020000000000000000e+02
6.050000000000000000e+02
6.150000000000000000e+02
6.290000000000000000e+02
6.620000000000000000e+02
6.920000000000000000e+02
6.930000000000000000e+02
6.960000000000000000e+02
7.030000000000000000e+02
7.240000000000000000e+02
7.290000000000000000e+02
7.310000000000000000e+02
7.320000000000000000e+02
7.330000000000000000e+02
7.400000000000000000e+02
7.500000000000000000e+02
7.730000000000000000e+02
7.820000000000000000e+02
8.060000000000000000e+02
8.090000000000000000e+02
8.130000000000000000e+02
8.410000000000000000e+02
8.510000000000000000e+02
8.940000000000000000e+02
9.010000000000000000e+02
9.100000000000000000e+02
9.110000000000000000e+02
9.360000000000000000e+02
9.390000000000000000e+02
9.460000000000000000e+02
9.500000000000000000e+02
9.540000000000000000e+02
9.570000000000000000e+02
9.580000000000000000e+02
9.630000000000000000e+02
9.870000000000000000e+02
1.004000000000000000e+03
1.006000000000000000e+03
1.008000000000000000e+03
1.013000000000000000e+03
1.064000000000000000e+03
1.077000000000000000e+03
1.104000000000000000e+03
1.125000000000000000e+03
1.135000000000000000e+03
1.153000000000000000e+03
1.188000000000000000e+03
1.197000000000000000e+03
1.201000000000000000e+03
1.204000000000000000e+03
1.233000000000000000e+03
1.243000000000000000e+03
1.253000000000000000e+03
1.271000000000000000e+03
1.274000000000000000e+03
1.280000000000000000e+03
1.301000000000000000e+03
1.309000000000000000e+03
1.316000000000000000e+03
1.328000000000000000e+03
1.333000000000000000e+03
1.334000000000000000e+03
1.344000000000000000e+03
1.367000000000000000e+03
1.372000000000000000e+03
1.376000000000000000e+03
1.380000000000000000e+03
1.382000000000000000e+03
1.396000000000000000e+03
1.432000000000000000e+03
1.437000000000000000e+03
1.471000000000000000e+03
1.477000000000000000e+03
1.497000000000000000e+03
1.502000000000000000e+03
1.509000000000000000e+03
1.519000000000000000e+03
1.528000000000000000e+03
1.530000000000000000e+03
1.559000000000000000e+03
1.567000000000000000e+03
1.581000000000000000e+03
1.589000000000000000e+03
1.590000000000000000e+03
1.593000000000000000e+03
1.606000000000000000e+03
1.631000000000000000e+03
1.638000000000000000e+03
1.643000000000000000e+03
1.645000000000000000e+03
1.706000000000000000e+03
1.723000000000000000e+03
1.724000000000000000e+03
1.735000000000000000e+03
1.736000000000000000e+03
1.768000000000000000e+03
1.770000000000000000e+03
1.807000000000000000e+03
1.812000000000000000e+03
1.831000000000000000e+03
1.844000000000000000e+03
1.890000000000000000e+03
1.914000000000000000e+03
1.920000000000000000e+03
1.937000000000000000e+03
1.956000000000000000e+03
1.971000000000000000e+03
1.974000000000000000e+03
1.975000000000000000e+03
1.998000000000000000e+03
2.006000000000000000e+03
2.014000000000000000e+03
2.021000000000000000e+03
2.047000000000000000e+03
2.055000000000000000e+03
2.062000000000000000e+03
2.085000000000000000e+03
2.107000000000000000e+03
2.108000000000000000e+03
2.117000000000000000e+03
2.120000000000000000e+03
2.128000000000000000e+03
2.136000000000000000e+03
2.149000000000000000e+03
2.152000000000000000e+03
2.157000000000000000e+03
2.167000000000000000e+03
2.170000000000000000e+03
2.175000000000000000e+03
2.185000000000000000e+03
2.191000000000000000e+03
2.199000000000000000e+03
2.219000000000000000e+03
2.239000000000000000e+03
2.249000000000000000e+03
2.263000000000000000e+03
2.288000000000000000e+03
2.301000000000000000e+03
2.312000000000000000e+03
2.332000000000000000e+03
2.334000000000000000e+03
2.341000000000000000e+03
2.349000000000000000e+03
2.350000000000000000e+03
2.362000000000000000e+03
2.381000000000000000e+03
2.387000000000000000e+03
2.409000000000000000e+03
2.415000000000000000e+03
2.417000000000000000e+03
2.443000000000000000e+03
2.449000000000000000e+03
2.452000000000000000e+03
2.454000000000000000e+03
2.457000000000000000e+03
2.467000000000000000e+03
2.473000000000000000e+03
2.493000000000000000e+03
2.509000000000000000e+03
2.517000000000000000e+03
2.534000000000000000e+03
2.535000000000000000e+03
2.542000000000000000e+03
2.565000000000000000e+03
2.569000000000000000e+03
2.583000000000000000e+03
2.602000000000000000e+03
2.616000000000000000e+03
2.622000000000000000e+03
2.636000000000000000e+03
2.643000000000000000e+03
2.681000000000000000e+03
2.689000000000000000e+03
2.695000000000000000e+03
2.700000000000000000e+03
2.713000000000000000e+03
2.723000000000000000e+03
2.729000000000000000e+03
2.749000000000000000e+03
2.759000000000000000e+03
2.763000000000000000e+03
2.790000000000000000e+03
2.806000000000000000e+03
2.810000000000000000e+03
2.827000000000000000e+03
2.834000000000000000e+03
2.843000000000000000e+03
2.854000000000000000e+03
2.865000000000000000e+03
2.903000000000000000e+03
2.924000000000000000e+03
2.936000000000000000e+03
2.964000000000000000e+03
2.973000000000000000e+03
3.011000000000000000e+03
3.028000000000000000e+03
3.029000000000000000e+03
3.042000000000000000e+03
3.044000000000000000e+03
3.078000000000000000e+03
3.081000000000000000e+03
3.095000000000000000e+03
3.100000000000000000e+03
3.108000000000000000e+03
3.134000000000000000e+03
3.140000000000000000e+03
3.141000000000000000e+03
3.158000000000000000e+03
3.160000000000000000e+03
3.163000000000000000e+03
3.166000000000000000e+03
3.184000000000000000e+03
3.223000000000000000e+03
3.224000000000000000e+03
3.225000000000000000e+03
3.247000000000000000e+03
3.272000000000000000e+03
3.310000000000000000e+03
3.323000000000000000e+03
3.326000000000000000e+03
3.330000000000000000e+03
3.333000000000000000e+03
3.351000000000000000e+03
3.373000000000000000e+03
3.377000000000000000e+03
3.389000000000000000e+03
3.395000000000000000e+03
3.399000000000000000e+03
3.403000000000000000e+03
3.404000000000000000e+03
3.406000000000000000e+03
3.423000000000000000e+03
3.431000000000000000e+03
3.482000000000000000e+03
3.494000000000000000e+03
3.496000000000000000e+03
3.507000000000000000e+03
3.516000000000000000e+03
3.524000000000000000e+03
3.525000000000000000e+03
3.536000000000000000e+03
3.555000000000000000e+03
3.557000000000000000e+03
3.559000000000000000e+03
3.566000000000000000e+03
3.606000000000000000e+03
3.616000000000000000e+03
3.650000000000000000e+03
3.654000000000000000e+03
3.659000000000000000e+03
3.667000000000000000e+03
3.676000000000000000e+03
3.703000000000000000e+03
3.723000000000000000e+03
3.733000000000000000e+03
3.749000000000000000e+03
3.751000000000000000e+03
3.775000000000000000e+03
3.779000000000000000e+03
3.781000000000000000e+03
3.793000000000000000e+03
3.801000000000000000e+03
3.824000000000000000e+03
3.839000000000000000e+03
3.853000000000000000e+03
3.859000000000000000e+03
3.863000000000000000e+03
3.872000000000000000e+03
3.874000000000000000e+03
3.881000000000000000e+03
3.886000000000000000e+03
3.887000000000000000e+03
3.900000000000000000e+03
3.929000000000000000e+03
3.962000000000000000e+03
3.964000000000000000e+03
3.965000000000000000e+03
3.978000000000000000e+03
4.002000000000000000e+03
4.004000000000000000e+03
4.005000000000000000e+03
4.008000000000000000e+03
4.051000000000000000e+03
4.055000000000000000e+03
4.079000000000000000e+03
4.095000000000000000e+03
4.103000000000000000e+03
4.129000000000000000e+03
4.147000000000000000e+03
4.170000000000000000e+03
4.176000000000000000e+03
4.178000000000000000e+03
4.185000000000000000e+03
4.212000000000000000e+03
4.221000000000000000e+03
4.222000000000000000e+03
4.230000000000000000e+03
4.234000000000000000e+03
4.237000000000000000e+03
4.252000000000000000e+03
4.285000000000000000e+03
4.324000000000000000e+03
4.331000000000000000e+03
4.346000000000000000e+03
4.347000000000000000e+03
4.348000000000000000e+03
4.349000000000000000e+03
4.353000000000000000e+03
4.383000000000000000e+03
4.393000000000000000e+03
4.437000000000000000e+03
4.447000000000000000e+03
4.471000000000000000e+03
4.481000000000000000e+03
4.517000000000000000e+03
4.519000000000000000e+03
4.553000000000000000e+03
4.565000000000000000e+03
4.590000000000000000e+03
4.594000000000000000e+03
4.602000000000000000e+03
4.603000000000000000e+03
4.619000000000000000e+03
4.648000000000000000e+03
4.649000000000000000e+03
4.653000000000000000e+03
4.668000000000000000e+03
4.687000000000000000e+03
4.695000000000000000e+03
4.696000000000000000e+03
4.715000000000000000e+03
4.717000000000000000e+03
4.718000000000000000e+03
4.725000000000000000e+03
4.745000000000000000e+03
4.751000000000000000e+03
4.757000000000000000e+03
4.761000000000000000e+03
4.765000000000000000e+03
4.794000000000000000e+03
4.800000000000000000e+03
4.814000000000000000e+03
4.828000000000000000e+03
4.853000000000000000e+03
4.856000000000000000e+03
4.858000000000000000e+03
4.862000000000000000e+03
4.870000000000000000e+03
4.875000000000000000e+03
4.877000000000000000e+03
4.897000000000000000e+03
4.920000000000000000e+03
4.926000000000000000e+03
4.941000000000000000e+03
4.944000000000000000e+03
4.960000000000000000e+03
4.981000000000000000e+03
4.984000000000000000e+03
4.986000000000000000e+03
4.998000000000000000e+03
5.004000000000000000e+03
5.005000000000000000e+03
5.008000000000000000e+03
5.022000000000000000e+03
5.033000000000000000e+03
5.052000000000000000e+03
5.094000000000000000e+03
5.111000000000000000e+03
5.115000000000000000e+03
5.129000000000000000e+03
5.154000000000000000e+03
5.157000000000000000e+03
5.159000000000000000e+03
5.169000000000000000e+03
5.173000000000000000e+03
5.187000000000000000e+03
5.195000000000000000e+03
5.200000000000000000e+03
5.203000000000000000e+03
5.220000000000000000e+03
5.231000000000000000e+03
5.243000000000000000e+03
5.273000000000000000e+03
5.285000000000000000e+03
5.290000000000000000e+03
5.309000000000000000e+03
5.328000000000000000e+03
5.331000000000000000e+03
5.337000000000000000e+03
5.346000000000000000e+03
5.358000000000000000e+03
5.395000000000000000e+03
5.414000000000000000e+03
5.426000000000000000e+03
5.433000000000000000e+03
5.443000000000000000e+03
5.448000000000000000e+03
5.453000000000000000e+03
5.461000000000000000e+03
5.468000000000000000e+03
5.476000000000000000e+03
5.499000000000000000e+03
5.505000000000000000e+03
5.507000000000000000e+03
5.513000000000000000e+03
5.519000000000000000e+03
5.523000000000000000e+03
5.529000000000000000e+03
5.544000000000000000e+03
5.551000000000000000e+03
5.557000000000000000e+03
5.620000000000000000e+03
5.622000000000000000e+03
5.630000000000000000e+03
5.641000000000000000e+03
5.644000000000000000e+03
5.649000000000000000e+03
5.652000000000000000e+03
5.660000000000000000e+03
5.679000000000000000e+03
5.688000000000000000e+03
5.711000000000000000e+03
5.715000000000000000e+03
5.720000000000000000e+03
5.744000000000000000e+03
5.746000000000000000e+03
5.771000000000000000e+03
5.773000000000000000e+03
5.777000000000000000e+03
5.779000000000000000e+03
5.788000000000000000e+03
5.790000000000000000e+03
5.804000000000000000e+03
5.807000000000000000e+03
5.812000000000000000e+03
5.829000000000000000e+03
5.849000000000000000e+03
5.856000000000000000e+03
5.857000000000000000e+03
5.869000000000000000e+03
5.892000000000000000e+03
5.893000000000000000e+03
5.894000000000000000e+03
5.902000000000000000e+03
5.911000000000000000e+03
5.919000000000000000e+03
5.920000000000000000e+03
5.925000000000000000e+03
5.940000000000000000e+03
5.941000000000000000e+03
5.948000000000000000e+03
5.981000000000000000e+03
5.983000000000000000e+03
5.988000000000000000e+03
5.998000000000000000e+03
5.999000000000000000e+03
6.005000000000000000e+03
6.028000000000000000e+03
6.032000000000000000e+03
6.060000000000000000e+03
6.081000000000000000e+03
6.094000000000000000e+03
6.102000000000000000e+03
6.113000000000000000e+03
6.132000000000000000e+03
6.137000000000000000e+03
6.142000000000000000e+03
6.171000000000000000e+03
6.184000000000000000e+03
6.202000000000000000e+03
6.218000000000000000e+03
6.228000000000000000e+03
6.231000000000000000e+03
6.237000000000000000e+03
6.239000000000000000e+03
6.252000000000000000e+03
6.292000000000000000e+03
6.303000000000000000e+03
6.311000000000000000e+03
6.312000000000000000e+03
6.331000000000000000e+03
6.348000000000000000e+03
6.362000000000000000e+03
6.396000000000000000e+03
6.402000000000000000e+03
6.403000000000000000e+03
6.414000000000000000e+03
6.426000000000000000e+03
6.434000000000000000e+03
6.452000000000000000e+03
6.455000000000000000e+03
6.465000000000000000e+03
6.482000000000000000e+03
6.497000000000000000e+03
6.506000000000000000e+03
6.509000000000000000e+03
6.518000000000000000e+03
6.557000000000000000e+03
6.562000000000000000e+03
6.603000000000000000e+03
6.609000000000000000e+03
6.622000000000000000e+03
6.628000000000000000e+03
6.629000000000000000e+03
6.631000000000000000e+03
6.655000000000000000e+03
6.658000000000000000e+03
6.660000000000000000e+03
6.662000000000000000e+03
6.696000000000000000e+03
6.719000000000000000e+03
6.724000000000000000e+03
6.743000000000000000e+03
6.755000000000000000e+03
6.760000000000000000e+03
6.766000000000000000e+03
6.799000000000000000e+03
6.800000000000000000e+03
6.812000000000000000e+03
6.819000000000000000e+03
6.822000000000000000e+03
6.836000000000000000e+03
6.849000000000000000e+03
6.855000000000000000e+03
6.866000000000000000e+03
6.867000000000000000e+03
6.870000000000000000e+03
6.889000000000000000e+03
6.901000000000000000e+03
6.909000000000000000e+03
6.925000000000000000e+03
6.935000000000000000e+03
6.946000000000000000e+03
6.956000000000000000e+03
6.969000000000000000e+03
6.998000000000000000e+03
7.006000000000000000e+03
7.018000000000000000e+03
7.025000000000000000e+03
7.029000000000000000e+03
7.034000000000000000e+03
7.041000000000000000e+03
7.051000000000000000e+03
7.061000000000000000e+03
7.067000000000000000e+03
7.068000000000000000e+03
7.069000000000000000e+03
7.072000000000000000e+03
7.095000000000000000e+03
7.103000000000000000e+03
7.106000000000000000e+03
7.129000000000000000e+03
7.133000000000000000e+03
7.145000000000000000e+03
7.154000000000000000e+03
7.172000000000000000e+03
7.182000000000000000e+03
7.196000000000000000e+03
7.200000000000000000e+03
7.215000000000000000e+03
7.228000000000000000e+03
7.230000000000000000e+03
7.235000000000000000e+03
7.244000000000000000e+03
7.264000000000000000e+03
7.266000000000000000e+03
7.275000000000000000e+03
7.301000000000000000e+03
7.304000000000000000e+03
7.310000000000000000e+03
7.348000000000000000e+03
7.378000000000000000e+03
7.416000000000000000e+03
7.446000000000000000e+03
7.465000000000000000e+03
7.468000000000000000e+03
7.469000000000000000e+03
7.474000000000000000e+03
7.497000000000000000e+03
7.529000000000000000e+03
7.556000000000000000e+03
7.568000000000000000e+03
7.578000000000000000e+03
7.606000000000000000e+03
7.613000000000000000e+03
7.616000000000000000e+03
7.618000000000000000e+03
7.655000000000000000e+03
7.669000000000000000e+03
7.690000000000000000e+03
7.704000000000000000e+03
7.712000000000000000e+03
7.726000000000000000e+03
7.733000000000000000e+03
7.742000000000000000e+03
7.746000000000000000e+03
7.812000000000000000e+03
7.855000000000000000e+03
7.869000000000000000e+03
7.875000000000000000e+03
7.881000000000000000e+03
7.885000000000000000e+03
7.897000000000000000e+03
7.899000000000000000e+03
7.900000000000000000e+03
7.913000000000000000e+03
7.925000000000000000e+03
7.947000000000000000e+03
7.967000000000000000e+03
7.968000000000000000e+03
7.969000000000000000e+03
7.984000000000000000e+03
7.989000000000000000e+03
7.990000000000000000e+03
7.993000000000000000e+03
7.996000000000000000e+03
8.003000000000000000e+03
8.014000000000000000e+03
8.043000000000000000e+03
8.051000000000000000e+03
8.055000000000000000e+03
8.067000000000000000e+03
8.071000000000000000e+03
8.084000000000000000e+03
8.085000000000000000e+03
8.089000000000000000e+03
8.090000000000000000e+03
8.093000000000000000e+03
8.119000000000000000e+03
8.142000000000000000e+03
8.166000000000000000e+03
8.172000000000000000e+03
8.193000000000000000e+03
8.194000000000000000e+03
8.209000000000000000e+03
8.238000000000000000e+03
8.250000000000000000e+03
8.252000000000000000e+03
8.255000000000000000e+03
8.263000000000000000e+03
8.268000000000000000e+03
8.279000000000000000e+03
8.285000000000000000e+03
8.291000000000000000e+03
8.293000000000000000e+03
8.297000000000000000e+03
8.308000000000000000e+03
8.353000000000000000e+03
8.372000000000000000e+03
8.374000000000000000e+03
8.384000000000000000e+03
8.402000000000000000e+03
8.412000000000000000e+03
8.455000000000000000e+03
8.461000000000000000e+03
8.492000000000000000e+03
8.493000000000000000e+03
8.497000000000000000e+03
8.501000000000000000e+03
8.509000000000000000e+03
8.515000000000000000e+03
8.519000000000000000e+03
8.523000000000000000e+03
8.525000000000000000e+03
8.535000000000000000e+03
8.554000000000000000e+03
8.562000000000000000e+03
8.579000000000000000e+03
8.589000000000000000e+03
8.593000000000000000e+03
8.596000000000000000e+03
8.597000000000000000e+03
8.601000000000000000e+03
8.605000000000000000e+03
8.612000000000000000e+03
8.625000000000000000e+03
8.633000000000000000e+03
8.634000000000000000e+03
8.667000000000000000e+03
8.681000000000000000e+03
8.689000000000000000e+03
8.725000000000000000e+03
8.730000000000000000e+03
8.740000000000000000e+03
8.742000000000000000e+03
8.749000000000000000e+03
8.754000000000000000e+03
8.757000000000000000e+03
8.759000000000000000e+03
8.782000000000000000e+03
8.786000000000000000e+03
8.795000000000000000e+03
8.811000000000000000e+03
8.818000000000000000e+03
8.833000000000000000e+03
8.834000000000000000e+03
8.837000000000000000e+03
8.855000000000000000e+03
8.863000000000000000e+03
8.865000000000000000e+03
8.867000000000000000e+03
8.869000000000000000e+03
8.871000000000000000e+03
8.881000000000000000e+03
8.906000000000000000e+03
8.909000000000000000e+03
8.924000000000000000e+03
8.936000000000000000e+03
8.945000000000000000e+03
8.963000000000000000e+03
8.966000000000000000e+03
8.990000000000000000e+03
9.019000000000000000e+03
9.064000000000000000e+03
9.066000000000000000e+03
9.070000000000000000e+03
9.096000000000000000e+03
9.098000000000000000e+03
9.104000000000000000e+03
9.123000000000000000e+03
9.159000000000000000e+03
9.167000000000000000e+03
9.173000000000000000e+03
9.175000000000000000e+03
9.180000000000000000e+03
9.182000000000000000e+03
9.201000000000000000e+03
9.214000000000000000e+03
9.224000000000000000e+03
9.230000000000000000e+03
9.262000000000000000e+03
9.268000000000000000e+03
9.279000000000000000e+03
9.282000000000000000e+03
9.288000000000000000e+03
9.294000000000000000e+03
9.304000000000000000e+03
9.312000000000000000e+03
9.315000000000000000e+03
9.326000000000000000e+03
9.373000000000000000e+03
9.386000000000000000e+03
9.392000000000000000e+03
9.422000000000000000e+03
9.428000000000000000e+03
9.436000000000000000e+03
9.453000000000000000e+03
9.456000000000000000e+03
9.458000000000000000e+03
9.462000000000000000e+03
9.463000000000000000e+03
9.476000000000000000e+03
9.489000000000000000e+03
9.491000000000000000e+03
9.493000000000000000e+03
9.494000000000000000e+03
9.502000000000000000e+03
9.528000000000000000e+03
9.530000000000000000e+03
9.532000000000000000e+03
9.547000000000000000e+03
9.555000000000000000e+03
9.560000000000000000e+03
9.573000000000000000e+03
9.584000000000000000e+03
9.585000000000000000e+03
9.609000000000000000e+03
9.625000000000000000e+03
9.627000000000000000e+03
9.634000000000000000e+03
9.640000000000000000e+03
9.654000000000000000e+03
9.676000000000000000e+03
9.683000000000000000e+03
9.712000000000000000e+03
9.716000000000000000e+03
9.742000000000000000e+03
9.776000000000000000e+03
9.789000000000000000e+03
9.805000000000000000e+03
9.812000000000000000e+03
9.813000000000000000e+03
9.816000000000000000e+03
9.818000000000000000e+03
9.830000000000000000e+03
9.831000000000000000e+03
9.852000000000000000e+03
9.856000000000000000e+03
9.875000000000000000e+03
9.880000000000000000e+03
9.888000000000000000e+03
9.895000000000000000e+03
9.897000000000000000e+03
9.898000000000000000e+03
9.914000000000000000e+03
9.948000000000000000e+03
9.949000000000000000e+03
9.965000000000000000e+03
9.974000000000000000e+03
9.978000000000000000e+03
9.998000000000000000e+03
1.000800000000000000e+04
1.001300000000000000e+04
1.002300000000000000e+04
1.002600000000000000e+04
1.005800000000000000e+04
1.006400000000000000e+04
1.007300000000000000e+04
1.007700000000000000e+04
1.008500000000000000e+04
1.009200000000000000e+04
1.014000000000000000e+04
1.014900000000000000e+04
1.017800000000000000e+04
1.019300000000000000e+04
1.019900000000000000e+04
1.021300000000000000e+04
1.021500000000000000e+04
1.021800000000000000e+04
1.022300000000000000e+04
1.024500000000000000e+04
1.025200000000000000e+04
1.025700000000000000e+04
1.026800000000000000e+04
1.026900000000000000e+04
1.028400000000000000e+04
1.029200000000000000e+04
1.030300000000000000e+04
1.031600000000000000e+04
1.033700000000000000e+04
1.034200000000000000e+04
1.034800000000000000e+04
1.035600000000000000e+04
1.036600000000000000e+04
1.037400000000000000e+04
1.038200000000000000e+04
1.038900000000000000e+04
1.040000000000000000e+04
1.043500000000000000e+04
1.045600000000000000e+04
1.047100000000000000e+04
1.048000000000000000e+04
1.049700000000000000e+04
1.050600000000000000e+04
1.053500000000000000e+04
1.053900000000000000e+04
1.054400000000000000e+04
1.054600000000000000e+04
1.055000000000000000e+04
1.055400000000000000e+04
1.055600000000000000e+04
1.057500000000000000e+04
1.058500000000000000e+04
1.059200000000000000e+04
1.059500000000000000e+04
1.059800000000000000e+04
1.060000000000000000e+04
1.060200000000000000e+04
1.060800000000000000e+04
1.061600000000000000e+04
1.062900000000000000e+04
1.063100000000000000e+04
1.065300000000000000e+04
1.066100000000000000e+04
1.066200000000000000e+04
1.066900000000000000e+04
1.067000000000000000e+04
1.067200000000000000e+04
1.067300000000000000e+04
1.069000000000000000e+04
1.070300000000000000e+04
1.070400000000000000e+04
1.073600000000000000e+04
1.074400000000000000e+04
1.074800000000000000e+04
1.075100000000000000e+04
1.076400000000000000e+04
1.076800000000000000e+04
1.077000000000000000e+04
1.080100000000000000e+04
1.080600000000000000e+04
1.081100000000000000e+04
1.081900000000000000e+04
1.083100000000000000e+04
1.086100000000000000e+04
1.087900000000000000e+04
1.088000000000000000e+04
1.088100000000000000e+04
1.088500000000000000e+04
1.089400000000000000e+04
1.089800000000000000e+04
1.091300000000000000e+04
1.095000000000000000e+04
1.095500000000000000e+04
1.099600000000000000e+04
1.100300000000000000e+04
1.102200000000000000e+04
1.102300000000000000e+04
1.102700000000000000e+04
1.102800000000000000e+04
1.104300000000000000e+04
1.104800000000000000e+04
1.105700000000000000e+04
1.106700000000000000e+04
1.107000000000000000e+04
1.107800000000000000e+04
1.107900000000000000e+04
1.108700000000000000e+04
1.110200000000000000e+04
1.111000000000000000e+04
1.113000000000000000e+04
1.114300000000000000e+04
1.115000000000000000e+04
1.116500000000000000e+04
1.117000000000000000e+04
1.119500000000000000e+04
1.119600000000000000e+04
1.120600000000000000e+04
1.122400000000000000e+04
1.122900000000000000e+04
1.126000000000000000e+04
1.127000000000000000e+04
1.128700000000000000e+04
1.129000000000000000e+04
1.130000000000000000e+04
1.130200000000000000e+04
1.132200000000000000e+04
1.132300000000000000e+04
1.132900000000000000e+04
1.133000000000000000e+04
1.137000000000000000e+04
1.138400000000000000e+04
1.140400000000000000e+04
1.141200000000000000e+04
1.143900000000000000e+04
1.144000000000000000e+04
1.144100000000000000e+04
1.144200000000000000e+04
1.146300000000000000e+04
1.147400000000000000e+04
1.147700000000000000e+04
1.148100000000000000e+04
1.149100000000000000e+04
1.149400000000000000e+04
1.151500000000000000e+04
1.151600000000000000e+04
1.152300000000000000e+04
1.152700000000000000e+04
1.153900000000000000e+04
1.155400000000000000e+04
1.158500000000000000e+04
1.160300000000000000e+04
1.161100000000000000e+04
1.161900000000000000e+04
1.163000000000000000e+04
1.164000000000000000e+04
1.165800000000000000e+04
1.166900000000000000e+04
1.167500000000000000e+04
1.167800000000000000e+04
1.171000000000000000e+04
1.172900000000000000e+04
1.177900000000000000e+04
1.178100000000000000e+04
1.178400000000000000e+04
1.179300000000000000e+04
1.179900000000000000e+04
1.180600000000000000e+04
1.180700000000000000e+04
1.183800000000000000e+04
1.184100000000000000e+04
1.186600000000000000e+04
1.187800000000000000e+04
1.188500000000000000e+04
1.189400000000000000e+04
1.189900000000000000e+04
1.190200000000000000e+04
1.190600000000000000e+04
1.192300000000000000e+04
1.192500000000000000e+04
1.196100000000000000e+04
1.197600000000000000e+04
1.198600000000000000e+04
1.199600000000000000e+04
1.199900000000000000e+04
1.200100000000000000e+04
1.200700000000000000e+04
1.203100000000000000e+04
1.203900000000000000e+04
1.205800000000000000e+04
1.206600000000000000e+04
1.206700000000000000e+04
1.206900000000000000e+04
1.207800000000000000e+04
1.208200000000000000e+04
1.208400000000000000e+04
1.208600000000000000e+04
1.210800000000000000e+04
1.212600000000000000e+04
1.212800000000000000e+04
1.213900000000000000e+04
1.215500000000000000e+04
1.215600000000000000e+04
1.215900000000000000e+04
1.217700000000000000e+04
1.218000000000000000e+04
1.219800000000000000e+04
1.219900000000000000e+04
1.220000000000000000e+04
1.220100000000000000e+04
1.221300000000000000e+04
1.221600000000000000e+04
1.223400000000000000e+04
1.223700000000000000e+04
1.224000000000000000e+04
1.224200000000000000e+04
1.224300000000000000e+04
1.226300000000000000e+04
1.226900000000000000e+04
1.227600000000000000e+04
1.227900000000000000e+04
1.228900000000000000e+04
1.229400000000000000e+04
1.229600000000000000e+04
1.230200000000000000e+04
1.232800000000000000e+04
1.234600000000000000e+04
1.234800000000000000e+04
1.235200000000000000e+04
1.237900000000000000e+04
1.238100000000000000e+04
1.239000000000000000e+04
1.241100000000000000e+04
1.241200000000000000e+04
1.241400000000000000e+04
1.243600000000000000e+04
1.244000000000000000e+04
1.244800000000000000e+04
1.245600000000000000e+04
1.246200000000000000e+04
1.249600000000000000e+04
1.249800000000000000e+04
1.249900000000000000e+04
1.252000000000000000e+04
1.252200000000000000e+04
1.253000000000000000e+04
1.254300000000000000e+04
1.255000000000000000e+04
1.255300000000000000e+04
1.255600000000000000e+04
1.256000000000000000e+04
1.257500000000000000e+04
1.258600000000000000e+04
1.260000000000000000e+04
1.260400000000000000e+04
1.260900000000000000e+04
1.261500000000000000e+04
1.262100000000000000e+04
1.262300000000000000e+04
1.262400000000000000e+04
1.262500000000000000e+04
1.264800000000000000e+04
1.265900000000000000e+04
1.266900000000000000e+04
1.268000000000000000e+04
1.268400000000000000e+04
1.269400000000000000e+04
1.271500000000000000e+04
1.273100000000000000e+04
1.274600000000000000e+04
1.277700000000000000e+04
1.279900000000000000e+04
1.280200000000000000e+04
1.283200000000000000e+04
1.283300000000000000e+04
1.283500000000000000e+04
1.284300000000000000e+04
1.284600000000000000e+04
1.285900000000000000e+04
1.286000000000000000e+04
1.287200000000000000e+04
1.287600000000000000e+04
1.288200000000000000e+04
1.289200000000000000e+04
1.289400000000000000e+04
1.290000000000000000e+04
1.299000000000000000e+04
1.299100000000000000e+04
1.299200000000000000e+04
1.306300000000000000e+04
1.306800000000000000e+04
1.307600000000000000e+04
1.308100000000000000e+04
1.308300000000000000e+04
1.312700000000000000e+04
1.312800000000000000e+04
1.313500000000000000e+04
1.314100000000000000e+04
1.314900000000000000e+04
1.318700000000000000e+04
1.318900000000000000e+04
1.319100000000000000e+04
1.320500000000000000e+04
1.321200000000000000e+04
1.325700000000000000e+04
1.326700000000000000e+04
1.327200000000000000e+04
1.327300000000000000e+04
1.327600000000000000e+04
1.327900000000000000e+04
1.328700000000000000e+04
1.329000000000000000e+04
1.329300000000000000e+04
1.331200000000000000e+04
1.335300000000000000e+04
1.336800000000000000e+04
1.338800000000000000e+04
1.340100000000000000e+04
1.340800000000000000e+04
1.341300000000000000e+04
1.344100000000000000e+04
1.344900000000000000e+04
1.346400000000000000e+04
1.346900000000000000e+04
1.347300000000000000e+04
1.347700000000000000e+04
1.347800000000000000e+04
1.348200000000000000e+04
1.349600000000000000e+04
1.351900000000000000e+04
1.352200000000000000e+04
1.352500000000000000e+04
1.352700000000000000e+04
1.353200000000000000e+04
1.354900000000000000e+04
1.357900000000000000e+04
1.358300000000000000e+04
1.358400000000000000e+04
1.359100000000000000e+04
1.359300000000000000e+04
1.359400000000000000e+04
1.361900000000000000e+04
1.362100000000000000e+04
1.364200000000000000e+04
1.367900000000000000e+04
1.369000000000000000e+04
1.371700000000000000e+04
1.373000000000000000e+04
1.373200000000000000e+04
1.376100000000000000e+04
1.378900000000000000e+04
1.379400000000000000e+04
1.379500000000000000e+04
1.380900000000000000e+04
1.381800000000000000e+04
1.382300000000000000e+04
1.386100000000000000e+04
1.386900000000000000e+04
1.387500000000000000e+04
1.388300000000000000e+04
1.388600000000000000e+04
1.389600000000000000e+04
1.390500000000000000e+04
1.392000000000000000e+04
1.392500000000000000e+04
1.392700000000000000e+04
1.393000000000000000e+04
1.393100000000000000e+04
1.393400000000000000e+04
1.393700000000000000e+04
1.395000000000000000e+04
1.395700000000000000e+04
1.396600000000000000e+04
1.398400000000000000e+04
1.398500000000000000e+04
1.398900000000000000e+04
1.399500000000000000e+04
1.399800000000000000e+04
1.400200000000000000e+04
1.401600000000000000e+04
1.402600000000000000e+04
1.403600000000000000e+04
1.403700000000000000e+04
1.404600000000000000e+04
1.404900000000000000e+04
1.406300000000000000e+04
1.406500000000000000e+04
1.406800000000000000e+04
1.406900000000000000e+04
1.411500000000000000e+04
1.413400000000000000e+04
1.415100000000000000e+04
1.417100000000000000e+04
1.418900000000000000e+04
1.419100000000000000e+04
1.423200000000000000e+04
1.426400000000000000e+04
1.429200000000000000e+04
1.430500000000000000e+04
1.430800000000000000e+04
1.431100000000000000e+04
1.432000000000000000e+04
1.432300000000000000e+04
1.433500000000000000e+04
1.434100000000000000e+04
1.434600000000000000e+04
1.435800000000000000e+04
1.437000000000000000e+04
1.438500000000000000e+04
1.440200000000000000e+04
1.440900000000000000e+04
1.441100000000000000e+04
1.442500000000000000e+04
1.445100000000000000e+04
1.446100000000000000e+04
1.446600000000000000e+04
1.448100000000000000e+04
1.448500000000000000e+04
1.450500000000000000e+04
1.454300000000000000e+04
1.455900000000000000e+04
1.456700000000000000e+04
1.457600000000000000e+04
1.458500000000000000e+04
1.458600000000000000e+04
1.459600000000000000e+04
1.460200000000000000e+04
1.460600000000000000e+04
1.462800000000000000e+04
1.464700000000000000e+04
1.465900000000000000e+04
1.466100000000000000e+04
1.467400000000000000e+04
1.470600000000000000e+04
1.471900000000000000e+04
1.472000000000000000e+04
1.472600000000000000e+04
1.473400000000000000e+04
1.474100000000000000e+04
1.475500000000000000e+04
1.477000000000000000e+04
1.478400000000000000e+04
1.480000000000000000e+04
1.481100000000000000e+04
1.482100000000000000e+04
1.482400000000000000e+04
1.483500000000000000e+04
1.484700000000000000e+04
1.484800000000000000e+04
1.485000000000000000e+04
1.485100000000000000e+04
1.485500000000000000e+04
1.486100000000000000e+04
1.486300000000000000e+04
1.487900000000000000e+04
1.488100000000000000e+04
1.490400000000000000e+04
1.491500000000000000e+04
1.492600000000000000e+04
1.495700000000000000e+04
1.496100000000000000e+04
1.496700000000000000e+04
1.501600000000000000e+04
1.501900000000000000e+04
1.502800000000000000e+04
1.505500000000000000e+04
1.506100000000000000e+04
1.506400000000000000e+04
1.506500000000000000e+04
1.507200000000000000e+04
1.508600000000000000e+04
1.509100000000000000e+04
1.509300000000000000e+04
1.509400000000000000e+04
1.515100000000000000e+04
1.518300000000000000e+04
1.520100000000000000e+04
1.522200000000000000e+04
1.522300000000000000e+04
1.522900000000000000e+04
1.523700000000000000e+04
1.524600000000000000e+04
1.528900000000000000e+04
1.530100000000000000e+04
1.530900000000000000e+04
1.531100000000000000e+04
1.532200000000000000e+04
1.532600000000000000e+04
1.534500000000000000e+04
1.537600000000000000e+04
1.538100000000000000e+04
1.540700000000000000e+04
1.540800000000000000e+04
1.542800000000000000e+04
1.543000000000000000e+04
1.544200000000000000e+04
1.546000000000000000e+04
1.546600000000000000e+04
1.547400000000000000e+04
1.547600000000000000e+04
1.548800000000000000e+04
1.549600000000000000e+04
1.552100000000000000e+04
1.553200000000000000e+04
1.553400000000000000e+04
1.553500000000000000e+04
1.554600000000000000e+04
1.556700000000000000e+04
1.557800000000000000e+04
1.558000000000000000e+04
1.558200000000000000e+04
1.558500000000000000e+04
1.558700000000000000e+04
1.559200000000000000e+04
1.559600000000000000e+04
1.563200000000000000e+04
1.566000000000000000e+04
1.566500000000000000e+04
1.567700000000000000e+04
1.570400000000000000e+04
1.573700000000000000e+04
1.574400000000000000e+04
1.575100000000000000e+04
1.575200000000000000e+04
1.575600000000000000e+04
1.576700000000000000e+04
1.578000000000000000e+04
1.578900000000000000e+04
1.580700000000000000e+04
1.580900000000000000e+04
1.581200000000000000e+04
1.582800000000000000e+04
1.583300000000000000e+04
1.584200000000000000e+04
1.584700000000000000e+04
1.587200000000000000e+04
1.588300000000000000e+04
1.588600000000000000e+04
1.593100000000000000e+04
1.593600000000000000e+04
1.594000000000000000e+04
1.596400000000000000e+04
1.597900000000000000e+04
1.598100000000000000e+04
1.598400000000000000e+04
1.599200000000000000e+04
1.600200000000000000e+04
1.600400000000000000e+04
1.600500000000000000e+04
1.602900000000000000e+04
1.603100000000000000e+04
1.603200000000000000e+04
1.605600000000000000e+04
1.605700000000000000e+04
1.605900000000000000e+04
1.606200000000000000e+04
1.610800000000000000e+04
1.611300000000000000e+04
1.614800000000000000e+04
1.615600000000000000e+04
1.616000000000000000e+04
1.616500000000000000e+04
1.616900000000000000e+04
1.617800000000000000e+04
1.619000000000000000e+04
1.619400000000000000e+04
1.619900000000000000e+04
1.621400000000000000e+04
1.622600000000000000e+04
1.623700000000000000e+04
1.626000000000000000e+04
1.626400000000000000e+04
1.630000000000000000e+04
1.631600000000000000e+04
1.632200000000000000e+04
1.634300000000000000e+04
1.634400000000000000e+04
1.634500000000000000e+04
1.635300000000000000e+04
1.635400000000000000e+04
1.636800000000000000e+04
1.637900000000000000e+04
1.639600000000000000e+04
1.641700000000000000e+04
1.642000000000000000e+04
1.643300000000000000e+04
1.644100000000000000e+04
1.645300000000000000e+04
1.645400000000000000e+04
1.648600000000000000e+04
1.648800000000000000e+04
1.649000000000000000e+04
1.650700000000000000e+04
1.652700000000000000e+04
1.654200000000000000e+04
1.654800000000000000e+04
1.655700000000000000e+04
1.656000000000000000e+04
1.657500000000000000e+04
1.657900000000000000e+04
1.658200000000000000e+04
1.658700000000000000e+04
1.662200000000000000e+04
1.664000000000000000e+04
1.665600000000000000e+04
1.667400000000000000e+04
1.668500000000000000e+04
1.668700000000000000e+04
1.669200000000000000e+04
1.669300000000000000e+04
1.669500000000000000e+04
1.671900000000000000e+04
1.672800000000000000e+04
1.672900000000000000e+04
1.674100000000000000e+04
1.675500000000000000e+04
1.678000000000000000e+04
1.679100000000000000e+04
1.680000000000000000e+04
1.680400000000000000e+04
1.684200000000000000e+04
1.686000000000000000e+04
1.686900000000000000e+04
1.688500000000000000e+04
1.691700000000000000e+04
1.691900000000000000e+04
1.693700000000000000e+04
1.694400000000000000e+04
1.695200000000000000e+04
1.696100000000000000e+04
1.700000000000000000e+04
1.700100000000000000e+04
1.706200000000000000e+04
1.706400000000000000e+04
1.706500000000000000e+04
1.707400000000000000e+04
1.710400000000000000e+04
1.710800000000000000e+04
1.715000000000000000e+04
1.715300000000000000e+04
1.715600000000000000e+04
1.716500000000000000e+04
1.718500000000000000e+04
1.718600000000000000e+04
1.719300000000000000e+04
1.721800000000000000e+04
1.722300000000000000e+04
1.723100000000000000e+04
1.723500000000000000e+04
1.723900000000000000e+04
1.724800000000000000e+04
1.725100000000000000e+04
1.727300000000000000e+04
1.730100000000000000e+04
1.730200000000000000e+04
1.730500000000000000e+04
1.731000000000000000e+04
1.732600000000000000e+04
1.734900000000000000e+04
1.737900000000000000e+04
1.739500000000000000e+04
1.741600000000000000e+04
1.742600000000000000e+04
1.742800000000000000e+04
1.743400000000000000e+04
1.744700000000000000e+04
1.745000000000000000e+04
1.750100000000000000e+04
1.751900000000000000e+04
1.752200000000000000e+04
1.752500000000000000e+04
1.756900000000000000e+04
1.757400000000000000e+04
1.758200000000000000e+04
1.759000000000000000e+04
1.759100000000000000e+04
1.759800000000000000e+04
1.760900000000000000e+04
1.761400000000000000e+04
1.763100000000000000e+04
1.763300000000000000e+04
1.763400000000000000e+04
1.763700000000000000e+04
1.764000000000000000e+04
1.766900000000000000e+04
1.767400000000000000e+04
1.767600000000000000e+04
1.768300000000000000e+04
1.770700000000000000e+04
1.771000000000000000e+04
1.771400000000000000e+04
1.774400000000000000e+04
1.775500000000000000e+04
1.775600000000000000e+04
1.776300000000000000e+04
1.776900000000000000e+04
1.779200000000000000e+04
1.779700000000000000e+04
1.779800000000000000e+04
1.780200000000000000e+04
1.780600000000000000e+04
1.781100000000000000e+04
1.781300000000000000e+04
1.786200000000000000e+04
1.787900000000000000e+04
1.789100000000000000e+04
1.791200000000000000e+04
1.793000000000000000e+04
1.795300000000000000e+04
1.795800000000000000e+04
1.796000000000000000e+04
1.796500000000000000e+04
1.798100000000000000e+04
1.798700000000000000e+04
1.801000000000000000e+04
1.801600000000000000e+04
1.802400000000000000e+04
1.802500000000000000e+04
1.802600000000000000e+04
1.802800000000000000e+04
1.802900000000000000e+04
1.803000000000000000e+04
1.804500000000000000e+04
1.805700000000000000e+04
1.806400000000000000e+04
1.807800000000000000e+04
1.809100000000000000e+04
1.811200000000000000e+04
1.812100000000000000e+04
1.813100000000000000e+04
1.813700000000000000e+04
1.815200000000000000e+04
1.815300000000000000e+04
1.816100000000000000e+04
1.817200000000000000e+04
1.817300000000000000e+04
1.818400000000000000e+04
1.818900000000000000e+04
1.819500000000000000e+04
1.819600000000000000e+04
1.820300000000000000e+04
1.822300000000000000e+04
1.822500000000000000e+04
1.823300000000000000e+04
1.823700000000000000e+04
1.824100000000000000e+04
1.825300000000000000e+04
1.826100000000000000e+04
1.826800000000000000e+04
1.828100000000000000e+04
1.829300000000000000e+04
1.829600000000000000e+04
1.831000000000000000e+04
1.831400000000000000e+04
1.832300000000000000e+04
1.832600000000000000e+04
1.832700000000000000e+04
1.832800000000000000e+04
1.833400000000000000e+04
1.836200000000000000e+04
1.836300000000000000e+04
1.836600000000000000e+04
1.837700000000000000e+04
1.838500000000000000e+04
1.839600000000000000e+04
1.839700000000000000e+04
1.840500000000000000e+04
1.842400000000000000e+04
1.845300000000000000e+04
1.846200000000000000e+04
1.847200000000000000e+04
1.848200000000000000e+04
1.849200000000000000e+04
1.849900000000000000e+04
1.850600000000000000e+04
1.851700000000000000e+04
1.851800000000000000e+04
1.852700000000000000e+04
1.853300000000000000e+04
1.853700000000000000e+04
1.853800000000000000e+04
1.854600000000000000e+04
1.855900000000000000e+04
1.856000000000000000e+04
1.856900000000000000e+04
1.857000000000000000e+04
1.857800000000000000e+04
1.859600000000000000e+04
1.862400000000000000e+04
1.863900000000000000e+04
1.865700000000000000e+04
1.866500000000000000e+04
1.867200000000000000e+04
1.868200000000000000e+04
1.868300000000000000e+04
1.868500000000000000e+04
1.869300000000000000e+04
1.869800000000000000e+04
1.870200000000000000e+04
1.870900000000000000e+04
1.872300000000000000e+04
1.872900000000000000e+04
1.875200000000000000e+04
1.875400000000000000e+04
1.876500000000000000e+04
1.876900000000000000e+04
1.877200000000000000e+04
1.878600000000000000e+04
1.879100000000000000e+04
1.880100000000000000e+04
1.882700000000000000e+04
1.883000000000000000e+04
1.884400000000000000e+04
1.885200000000000000e+04
1.887000000000000000e+04
1.887700000000000000e+04
1.888800000000000000e+04
1.889600000000000000e+04
1.891200000000000000e+04
1.891300000000000000e+04
1.891600000000000000e+04
1.892900000000000000e+04
1.893500000000000000e+04
1.894700000000000000e+04
1.895300000000000000e+04
1.895900000000000000e+04
1.896300000000000000e+04
1.896600000000000000e+04
1.899500000000000000e+04
1.899600000000000000e+04
1.900400000000000000e+04
1.901900000000000000e+04
1.903500000000000000e+04
1.904100000000000000e+04
1.904900000000000000e+04
1.905200000000000000e+04
1.907800000000000000e+04
1.908000000000000000e+04
1.909400000000000000e+04
1.909800000000000000e+04
1.910400000000000000e+04
1.911100000000000000e+04
1.911600000000000000e+04
1.912400000000000000e+04
1.913200000000000000e+04
1.913400000000000000e+04
1.913900000000000000e+04
1.914600000000000000e+04
1.914700000000000000e+04
1.915000000000000000e+04
1.915800000000000000e+04
1.915900000000000000e+04
1.916600000000000000e+04
1.916700000000000000e+04
1.917000000000000000e+04
1.917700000000000000e+04
1.920200000000000000e+04
1.920300000000000000e+04
1.920900000000000000e+04
1.921100000000000000e+04
1.921500000000000000e+04
1.921700000000000000e+04
1.923600000000000000e+04
1.923700000000000000e+04
1.924000000000000000e+04
1.924800000000000000e+04
1.925600000000000000e+04
1.926200000000000000e+04
1.926800000000000000e+04
1.927900000000000000e+04
1.928600000000000000e+04
1.929600000000000000e+04
1.931300000000000000e+04
1.931600000000000000e+04
1.933000000000000000e+04
1.934100000000000000e+04
1.935600000000000000e+04
1.935700000000000000e+04
1.937200000000000000e+04
1.937400000000000000e+04
1.940500000000000000e+04
1.941100000000000000e+04
1.942600000000000000e+04
1.944300000000000000e+04
1.944800000000000000e+04
1.946100000000000000e+04
1.949100000000000000e+04
1.950200000000000000e+04
1.951900000000000000e+04
1.952300000000000000e+04
1.953600000000000000e+04
1.953900000000000000e+04
1.955400000000000000e+04
1.955700000000000000e+04
1.958100000000000000e+04
1.959900000000000000e+04
1.960800000000000000e+04
1.963900000000000000e+04
1.964600000000000000e+04
1.964700000000000000e+04
1.965700000000000000e+04
1.966700000000000000e+04
1.966900000000000000e+04
1.968400000000000000e+04
1.968500000000000000e+04
1.969400000000000000e+04
1.970300000000000000e+04
1.970800000000000000e+04
1.970900000000000000e+04
1.972000000000000000e+04
1.972100000000000000e+04
1.973500000000000000e+04
1.975300000000000000e+04
1.975600000000000000e+04
1.977500000000000000e+04
1.982400000000000000e+04
1.982500000000000000e+04
1.983000000000000000e+04
1.983200000000000000e+04
1.983500000000000000e+04
1.984200000000000000e+04
1.984600000000000000e+04
1.988800000000000000e+04
1.990700000000000000e+04
1.992200000000000000e+04
1.992400000000000000e+04
1.994300000000000000e+04
1.995900000000000000e+04
1.996400000000000000e+04
1.996600000000000000e+04
1.996800000000000000e+04
1.997800000000000000e+04
1.998500000000000000e+04
1.999000000000000000e+04
1.999900000000000000e+04
2.000200000000000000e+04
2.000300000000000000e+04
2.003300000000000000e+04
2.007500000000000000e+04
2.008300000000000000e+04
2.008800000000000000e+04
2.009600000000000000e+04
2.010600000000000000e+04
2.012700000000000000e+04
2.014600000000000000e+04
2.015000000000000000e+04
2.015200000000000000e+04
2.017500000000000000e+04
2.018300000000000000e+04
2.018800000000000000e+04
2.021000000000000000e+04
2.023300000000000000e+04
2.023800000000000000e+04
2.024000000000000000e+04
2.024100000000000000e+04
2.026000000000000000e+04
2.027900000000000000e+04
2.028800000000000000e+04
2.029600000000000000e+04
2.032600000000000000e+04
2.033500000000000000e+04
2.034100000000000000e+04
2.039100000000000000e+04
2.039500000000000000e+04
2.039800000000000000e+04
2.042300000000000000e+04
2.042500000000000000e+04
2.044500000000000000e+04
2.045000000000000000e+04
2.047000000000000000e+04
2.047200000000000000e+04
2.048000000000000000e+04
2.048100000000000000e+04
2.049100000000000000e+04
2.049200000000000000e+04
2.050000000000000000e+04
2.050100000000000000e+04
2.051700000000000000e+04
2.052100000000000000e+04
2.054100000000000000e+04
2.055300000000000000e+04
2.056900000000000000e+04
2.057800000000000000e+04
2.058300000000000000e+04
2.059800000000000000e+04
2.060200000000000000e+04
2.060400000000000000e+04
2.061900000000000000e+04
2.062000000000000000e+04
2.063000000000000000e+04
2.063300000000000000e+04
2.064100000000000000e+04
2.065100000000000000e+04
2.065600000000000000e+04
2.067100000000000000e+04
2.067600000000000000e+04
2.067900000000000000e+04
2.068300000000000000e+04
2.068400000000000000e+04
2.068900000000000000e+04
2.069500000000000000e+04
2.069600000000000000e+04
2.073200000000000000e+04
2.074700000000000000e+04
2.075600000000000000e+04
2.076400000000000000e+04
2.078300000000000000e+04
2.078500000000000000e+04
2.079400000000000000e+04
2.080100000000000000e+04
2.080200000000000000e+04
2.081100000000000000e+04
2.081500000000000000e+04
2.081700000000000000e+04
2.085200000000000000e+04
2.090100000000000000e+04
2.090200000000000000e+04
2.091000000000000000e+04
2.092000000000000000e+04
2.092300000000000000e+04
2.092600000000000000e+04
2.094800000000000000e+04
2.096800000000000000e+04
2.096900000000000000e+04
2.098600000000000000e+04
2.099600000000000000e+04
2.101500000000000000e+04
2.102100000000000000e+04
2.103900000000000000e+04
2.104300000000000000e+04
2.105200000000000000e+04
2.106200000000000000e+04
2.108800000000000000e+04
2.109000000000000000e+04
2.109600000000000000e+04
2.110200000000000000e+04
2.111000000000000000e+04
2.112100000000000000e+04
2.112200000000000000e+04
2.113400000000000000e+04
2.113500000000000000e+04
2.114000000000000000e+04
2.114700000000000000e+04
2.115200000000000000e+04
2.115300000000000000e+04
2.118600000000000000e+04
2.119400000000000000e+04
2.119700000000000000e+04
2.122100000000000000e+04
2.125400000000000000e+04
2.127000000000000000e+04
2.128000000000000000e+04
2.128500000000000000e+04
2.128900000000000000e+04
2.129500000000000000e+04
2.129700000000000000e+04
2.130300000000000000e+04
2.134300000000000000e+04
2.138100000000000000e+04
2.138800000000000000e+04
2.139000000000000000e+04
2.140300000000000000e+04
2.140600000000000000e+04
2.141500000000000000e+04
2.144600000000000000e+04
2.147600000000000000e+04
2.148700000000000000e+04
2.148800000000000000e+04
2.149500000000000000e+04
2.149700000000000000e+04
2.151400000000000000e+04
2.152000000000000000e+04
2.153100000000000000e+04
2.155200000000000000e+04
2.155500000000000000e+04
2.155600000000000000e+04
2.155900000000000000e+04
2.157500000000000000e+04
2.158900000000000000e+04
2.159700000000000000e+04
2.161800000000000000e+04
2.162700000000000000e+04
2.164500000000000000e+04
2.165300000000000000e+04
2.165500000000000000e+04
2.166300000000000000e+04
2.166700000000000000e+04
2.166800000000000000e+04
2.172000000000000000e+04
2.172300000000000000e+04
2.173100000000000000e+04
2.173700000000000000e+04
2.176300000000000000e+04
2.178200000000000000e+04
2.178700000000000000e+04
2.179400000000000000e+04
2.181100000000000000e+04
2.181500000000000000e+04
2.182100000000000000e+04
2.182200000000000000e+04
2.182400000000000000e+04
2.183600000000000000e+04
2.184600000000000000e+04
2.184700000000000000e+04
2.184900000000000000e+04
2.187400000000000000e+04
2.189200000000000000e+04
2.189700000000000000e+04
2.191100000000000000e+04
2.191800000000000000e+04
2.192900000000000000e+04
2.193900000000000000e+04
2.195100000000000000e+04
2.195300000000000000e+04
2.195400000000000000e+04
2.196700000000000000e+04
2.197600000000000000e+04
2.198100000000000000e+04
2.198400000000000000e+04
2.200200000000000000e+04
2.202200000000000000e+04
2.202300000000000000e+04
2.203300000000000000e+04
2.204900000000000000e+04
2.206800000000000000e+04
2.210600000000000000e+04
2.211200000000000000e+04
2.212100000000000000e+04
2.212700000000000000e+04
2.214200000000000000e+04
2.214700000000000000e+04
2.214900000000000000e+04
2.215100000000000000e+04
2.215300000000000000e+04
2.216900000000000000e+04
2.217300000000000000e+04
2.217400000000000000e+04
2.217900000000000000e+04
2.221500000000000000e+04
2.222300000000000000e+04
2.223400000000000000e+04
2.224800000000000000e+04
2.225200000000000000e+04
2.225700000000000000e+04
2.230100000000000000e+04
2.232400000000000000e+04
2.234200000000000000e+04
2.235900000000000000e+04
2.236900000000000000e+04
2.237500000000000000e+04
2.237900000000000000e+04
2.239300000000000000e+04
2.239600000000000000e+04
2.240200000000000000e+04
2.241300000000000000e+04
2.242200000000000000e+04
2.242500000000000000e+04
2.243800000000000000e+04
2.244200000000000000e+04
2.244900000000000000e+04
2.245000000000000000e+04
2.245200000000000000e+04
2.245400000000000000e+04
2.246200000000000000e+04
2.246400000000000000e+04
2.247100000000000000e+04
2.247700000000000000e+04
2.247800000000000000e+04
2.248000000000000000e+04
2.248600000000000000e+04
2.250300000000000000e+04
2.252800000000000000e+04
2.253400000000000000e+04
2.255100000000000000e+04
2.255600000000000000e+04
2.259800000000000000e+04
2.261200000000000000e+04
2.261500000000000000e+04
2.262800000000000000e+04
2.264500000000000000e+04
2.267200000000000000e+04
2.267400000000000000e+04
2.267500000000000000e+04
2.268700000000000000e+04
2.269600000000000000e+04
2.269900000000000000e+04
2.271600000000000000e+04
2.272200000000000000e+04
2.275700000000000000e+04
2.278600000000000000e+04
2.279800000000000000e+04
2.280700000000000000e+04
2.280800000000000000e+04
2.281000000000000000e+04
2.281200000000000000e+04
2.283500000000000000e+04
2.286500000000000000e+04
2.286700000000000000e+04
2.289000000000000000e+04
2.289100000000000000e+04
2.290700000000000000e+04
2.290900000000000000e+04
2.291000000000000000e+04
2.292700000000000000e+04
2.294900000000000000e+04
2.295600000000000000e+04
2.298500000000000000e+04
2.299700000000000000e+04
2.300000000000000000e+04
2.300100000000000000e+04
2.300700000000000000e+04
2.301500000000000000e+04
2.304100000000000000e+04
2.305100000000000000e+04
2.306000000000000000e+04
2.306400000000000000e+04
2.307200000000000000e+04
2.307600000000000000e+04
2.308800000000000000e+04
2.309500000000000000e+04
2.311900000000000000e+04
2.312300000000000000e+04
2.312900000000000000e+04
2.313200000000000000e+04
2.314000000000000000e+04
2.314300000000000000e+04
2.316900000000000000e+04
2.319200000000000000e+04
2.319600000000000000e+04
2.319900000000000000e+04
2.320600000000000000e+04
2.321000000000000000e+04
2.322500000000000000e+04
2.322800000000000000e+04
2.324200000000000000e+04
2.324300000000000000e+04
2.328200000000000000e+04
2.329000000000000000e+04
2.330800000000000000e+04
2.330900000000000000e+04
2.331700000000000000e+04
2.332500000000000000e+04
2.332800000000000000e+04
2.333000000000000000e+04
2.334600000000000000e+04
2.338400000000000000e+04
2.340700000000000000e+04
2.341900000000000000e+04
2.342000000000000000e+04
2.342300000000000000e+04
2.343500000000000000e+04
2.343600000000000000e+04
2.345500000000000000e+04
2.347800000000000000e+04
2.348100000000000000e+04
2.348400000000000000e+04
2.350200000000000000e+04
2.350300000000000000e+04
2.350400000000000000e+04
2.351000000000000000e+04
2.351100000000000000e+04
2.351300000000000000e+04
2.353900000000000000e+04
2.354000000000000000e+04
2.355600000000000000e+04
2.358300000000000000e+04
2.358500000000000000e+04
2.360900000000000000e+04
2.361500000000000000e+04
2.361600000000000000e+04
2.363200000000000000e+04
2.367500000000000000e+04
2.368300000000000000e+04
2.371600000000000000e+04
2.372100000000000000e+04
2.376100000000000000e+04
2.378400000000000000e+04
2.380200000000000000e+04
2.380400000000000000e+04
2.381200000000000000e+04
2.382400000000000000e+04
2.382800000000000000e+04
2.383600000000000000e+04
2.384000000000000000e+04
2.385300000000000000e+04
2.386700000000000000e+04
2.389500000000000000e+04
2.389600000000000000e+04
2.391500000000000000e+04
2.391700000000000000e+04
2.391900000000000000e+04
2.392600000000000000e+04
2.393100000000000000e+04
2.393400000000000000e+04
2.393500000000000000e+04
2.394200000000000000e+04
2.395000000000000000e+04
2.396500000000000000e+04
2.398200000000000000e+04
2.399800000000000000e+04
2.400000000000000000e+04
2.404900000000000000e+04
2.405200000000000000e+04
2.410000000000000000e+04
2.411300000000000000e+04
2.411500000000000000e+04
2.413700000000000000e+04
2.415700000000000000e+04
2.416300000000000000e+04
2.418600000000000000e+04
2.418700000000000000e+04
2.419600000000000000e+04
2.421000000000000000e+04
2.421600000000000000e+04
2.422000000000000000e+04
2.424600000000000000e+04
2.425300000000000000e+04
2.425900000000000000e+04
2.430000000000000000e+04
2.431400000000000000e+04
2.431800000000000000e+04
2.434400000000000000e+04
2.435400000000000000e+04
2.435500000000000000e+04
2.436300000000000000e+04
2.436500000000000000e+04
2.436600000000000000e+04
2.436700000000000000e+04
2.437400000000000000e+04
2.438000000000000000e+04
2.438400000000000000e+04
2.439000000000000000e+04
2.439500000000000000e+04
2.441000000000000000e+04
2.441600000000000000e+04
2.442200000000000000e+04
2.442300000000000000e+04
2.444500000000000000e+04
2.445500000000000000e+04
2.448100000000000000e+04
2.448500000000000000e+04
2.448800000000000000e+04
2.449100000000000000e+04
2.450500000000000000e+04
2.451800000000000000e+04
2.452200000000000000e+04
2.452400000000000000e+04
2.453800000000000000e+04
2.454900000000000000e+04
2.457400000000000000e+04
2.458800000000000000e+04
2.460000000000000000e+04
2.460600000000000000e+04
2.461900000000000000e+04
2.462000000000000000e+04
2.464000000000000000e+04
2.464300000000000000e+04
2.467700000000000000e+04
2.468500000000000000e+04
2.469200000000000000e+04
2.470100000000000000e+04
2.470400000000000000e+04
2.471100000000000000e+04
2.473100000000000000e+04
2.474200000000000000e+04
